# oST version 5.0 parameters


[image]

width
640

height
480

[narrow_stereo]

camera matrix
618.866180 0.000000 335.210126
0.000000 618.965733 232.816692
0.000000 0.000000 1.000000

distortion
-0.465789 0.215461 -0.004792 -0.000580 0.000000

rectification
1.000000 0.000000 0.000000
0.000000 1.000000 0.000000
0.000000 0.000000 1.000000

projection
530.491150 0.000000 339.478092 0.000000
0.000000 570.425415 229.245335 0.000000
0.000000 0.000000 1.000000 0.000000
